210
3.0
3.0
2.65249593473
9.5
3.0
2.46924905056
15.5
3.0
2.46924905056
21.5
3.0
2.46924905056
27.5
3.0
2.46924905056
33.5
3.0
2.46924905056
39.5
3.0
2.46924905056
45.5
3.0
2.46924905056
51.5
3.0
2.46924905056
57.5
3.0
2.46924905056
63.9375
2.9375
2.62021652955
71.2666666667
3.28888888889
2.80415794491
76.9428571429
2.34285714286
2.85505759626
85.90625
2.5625
2.60308852913
92.0285714286
2.54285714286
2.60806495738
99.0731707317
2.43902439024
2.43312838522
105.5
3.0
2.46924905056
111.5
3.0
2.46924905056
117.5
3.0
2.46924905056
124.0
3.0
2.65249593473
81.9302325581
5.55813953488
4.12933965649
93.9615384615
8.15384615385
3.22367547092
81.5
6.0
1.9910776948
75.64
9.6
2.49050305528
98.25
7.95
2.55843985603
69.7674418605
8.93023255814
2.58202604787
88.8611111111
9.13888888889
2.37058027724
3.0
9.5
2.46924905056
9.5
9.5
2.27291223325
15.5
9.5
2.27291223325
21.5
9.5
2.27291223325
27.5
9.5
2.27291223325
33.5
9.5
2.27291223325
39.5
9.5
2.27291223325
45.5
9.5
2.27291223325
51.5
9.5
2.27291223325
57.5
9.5
2.27291223325
63.5
9.5
2.27291223325
105.073170732
9.56097560976
2.43312838522
111.5
9.5
2.27291223325
117.5
9.5
2.27291223325
124.0
9.5
2.46924905056
83.6538461538
11.6153846154
2.40409982543
76.5925925926
14.8148148148
2.84748777859
94.1538461538
14.5128205128
2.52497765853
87.2121212121
20.9393939394
3.9187141197
99.7631578947
15.3421052632
2.40039641377
3.0
15.5
2.46924905056
9.5
15.5
2.27291223325
15.5
15.5
2.27291223325
21.5
15.5
2.27291223325
27.5
15.5
2.27291223325
33.5
15.5
2.27291223325
39.5
15.5
2.27291223325
45.5
15.5
2.27291223325
51.5
15.5
2.27291223325
57.5
15.5
2.27291223325
63.5
15.5
2.27291223325
69.5526315789
15.6315789474
2.3510921175
82.7878787879
17.7878787879
2.69489190657
88.8717948718
16.1794871795
2.59750119899
105.657142857
15.4571428571
2.2580341941
111.5
15.5
2.27291223325
117.534883721
16.0930232558
2.51019080049
124.0
15.5
2.46924905056
70.9090909091
21.5
2.55622793583
104.272727273
21.4545454545
2.30892212928
3.0
21.5
2.46924905056
9.5
21.5
2.27291223325
15.5
21.5
2.27291223325
21.5
21.5
2.27291223325
27.5
21.5
2.27291223325
33.5
21.5
2.27291223325
39.5
21.5
2.27291223325
45.4615384615
21.7692307692
2.36608956846
51.5
21.5
2.27291223325
57.4857142857
21.4285714286
2.26367232607
63.7692307692
21.4358974359
2.37924490014
77.7291666667
22.2083333333
2.67373637477
90.1851851852
21.5555555556
2.78237300816
98.0975609756
21.4634146341
2.47510167223
110.894736842
21.5
2.47309984632
123.688888889
21.4
2.59288197082
116.529411765
21.6470588235
2.68342693284
117.55
25.525
2.61776345592
86.5833333333
26.4583333333
2.12108928271
92.6428571429
27.119047619
2.51314022865
63.2
27.4857142857
2.65468773412
69.2888888889
27.4444444444
2.59962085438
80.6976744186
28.0930232558
2.63839884038
105.674418605
27.023255814
2.51016784389
3.0
27.5
2.46924905056
9.5
27.5
2.27291223325
15.5
27.5
2.27291223325
21.5
27.5
2.27291223325
27.5
27.5
2.27291223325
33.5
27.5
2.27291223325
40.347826087
27.5
2.60155114277
47.0666666667
28.6333333333
2.35076059537
51.5
27.2352941176
2.25063564774
57.5142857143
27.8
2.28860021289
98.9268292683
27.5609756098
2.43312838522
111.918918919
27.7297297297
2.31911095721
123.976190476
27.5952380952
2.47678851229
75.7222222222
27.6111111111
1.88719558682
75.3695652174
32.8260869565
2.64865965944
86.4722222222
31.3333333333
2.31884550656
63.3888888889
33.6111111111
2.36485132955
117.56097561
33.0731707317
2.43312838522
3.0
33.5
2.46924905056
9.5
33.5
2.27291223325
15.5
33.5
2.27291223325
21.5
33.5
2.27291223325
27.5
33.5
2.27291223325
33.5
33.5
2.27291223325
39.5
33.5
2.27291223325
45.3636363636
33.7272727273
2.19375692238
51.6176470588
33.6470588235
2.21097409921
57.5
33.5
2.27291223325
69.8333333333
34.3611111111
2.53098543934
91.5384615385
34.9487179487
2.51351270512
98.6470588235
33.6666666667
2.77124557597
105.5
33.5
2.27291223325
111.5
33.5
2.27291223325
124.0
33.5
2.46924905056
83.7692307692
34.8076923077
2.31325276481
79.2765957447
38.914893617
2.73249328079
70.0
40.0
2.21565975964
93.0952380952
38.8095238095
2.34756112641
2.38235294118
39.3529411765
2.21097409921
9.20454545455
39.7272727273
2.54218540269
15.5384615385
39.7692307692
2.36608956846
21.6052631579
39.6842105263
2.36138306156
27.5
39.5
2.27291223325
33.5
39.5
2.27291223325
39.5
39.5
2.27291223325
45.5
39.5
2.27291223325
51.5
39.5
2.27291223325
57.5
39.5
2.27291223325
64.0
39.5
2.46924905056
85.8857142857
39.4285714286
2.2934663059
98.1
40.55
2.46421843191
105.11627907
39.4651162791
2.56000658359
111.5
39.5
2.27291223325
117.5
39.5
2.27291223325
124.0
39.5
2.46924905056
74.9523809524
40.380952381
2.12976660258
1.60714285714
45.3928571429
2.2645760481
7.07692307692
45.7692307692
2.47256667661
87.0
44.0882352941
2.42623870505
93.2857142857
45.2380952381
2.48883272493
104.934782609
45.7608695652
2.6233848429
13.829787234
46.5744680851
2.60829751541
20.9
45.475
2.49161594982
27.5
45.5
2.27291223325
33.5
45.5
2.27291223325
39.5
45.5
2.27291223325
45.5
45.5
2.27291223325
51.5
45.5
2.27291223325
57.5
45.5
2.27291223325
63.5
45.5
2.27291223325
69.5
45.5
2.27291223325
75.6285714286
45.8285714286
2.31651240231
82.6923076923
45.6923076923
2.82268276919
111.684210526
45.7105263158
2.35651398774
117.5
46.0
2.46924905056
124.0
45.5
2.46924905056
98.8780487805
47.512195122
2.47137330298
88.0
50.3125
2.53502563093
4.6976744186
50.7209302326
3.3610115962
81.5555555556
50.9555555556
2.57221461428
3.96875
53.5
3.22297882942
19.8048780488
51.2926829268
2.47653074852
13.03125
53.09375
2.36150499199
26.7954545455
51.6590909091
2.55733341781
33.5
51.5
2.27291223325
39.5
51.5
2.27291223325
45.5
51.5
2.27291223325
51.5
51.5
2.27291223325
57.5
51.5
2.27291223325
63.5
51.5
2.27291223325
69.5
51.5
2.27291223325
75.5
51.5
2.27291223325
93.6296296296
51.5185185185
2.49402468866
110.904761905
51.5
2.55967946263
124.5
50.6428571429
2.11189456815
103.310344828
52.3793103448
2.73145651107
119.083333333
52.25
2.41757053643
100.384615385
53.3076923077
2.64201704605
87.4545454545
56.8181818182
2.54189939336
7.40740740741
56.2962962963
2.07839142265
13.8333333333
57.4047619048
2.96843064521
20.4473684211
58.0789473684
2.61731641126
93.8695652174
57.1956521739
2.58244672513
111.142857143
55.7428571429
3.05783785092
117.085714286
57.6857142857
2.71490803809
124.152173913
57.1086956522
2.56994510489
27.15
57.4
2.40685601977
33.5
57.5
2.27291223325
39.5
57.5
2.27291223325
45.5
57.5
2.27291223325
51.5
57.5
2.27291223325
57.5
57.5
2.27291223325
63.5
57.5
2.27291223325
69.5
57.5
2.27291223325
75.5
57.5
2.27291223325
81.5
57.5
2.27291223325
100.882352941
58.2058823529
2.37423137428
3.29166666667
58.875
2.30559382418
108.689655172
58.724137931
2.52881186931
