3
16
271
-73.6846738432
53.1298522949
-74.0626983643
53.0781766563
-74.5314483643
52.9923253776
-75.0001983643
52.9028668306
-75.4689483643
52.7537123196
-75.7254340927
52.6617507935
-75.9376983643
52.6091395149
-76.4064483643
52.4582184737
-76.8751983643
52.2768963093
-77.0792007188
52.1936454773
-77.3439483643
52.1248953652
-77.8126983643
51.9547630725
-78.2814483643
51.7354691211
-78.3048433267
51.7255401611
-78.7501983643
51.5853094715
-79.2189483643
51.4004573978
-79.5950383919
51.257434845
-79.6876983643
51.2363034457
-80.1564483643
51.1441184547
-80.6251907349
51.0287710425
-81.0939407349
50.8885880477
-81.4383814507
50.7893333435
-81.5626907349
50.7591533073
-82.0314407349
50.5892664512
-82.5001907349
50.343835447
-82.5446097497
50.3212280273
-82.9689407349
50.1989695831
-83.4376907349
50.0225881322
-83.7979695291
49.8531227112
-83.9064407349
49.8237714599
-84.3751907349
49.6698495106
-84.8148530634
49.385017395
-84.8439407349
49.365397294
-85.3126907349
49.0849887172
-85.5149221503
48.9169120789
-85.7814407349
48.6359414573
-85.9276170078
48.4488105774
-86.2501907349
48.0532470641
-86.2963795525
47.9807052612
-86.7189407349
47.6313213105
-86.8369881404
47.5125999451
-87.1876907349
47.2830058768
-87.477905847
47.0444946289
-87.6564407349
46.9425238704
-88.1251907349
46.6168136152
-88.1863631776
46.5763931274
-88.5939407349
46.3294050799
-88.8812827964
46.1082878113
-89.0626907349
45.9721486553
-89.463731257
45.6401824951
-89.5314407349
45.5965304636
-90.0001907349
45.2562385998
-90.1108695833
45.172077179
-90.4689407349
44.9572260589
-90.8209846042
44.7039756775
-90.9376907349
44.6213242834
-91.4055136141
44.2358703613
-91.4064331055
44.2350565234
-91.8751831055
43.7712425258
-91.8780781397
43.7677650452
-92.2281279056
43.299659729
-92.3439331055
43.1003647645
-92.5313594106
42.8315544128
-92.7821929068
42.3634529114
-92.8126831055
42.3225734447
-93.1556616657
41.8953475952
-93.2814331055
41.6538271051
-93.494304236
41.4272422791
-93.7501831055
41.1542417196
-93.9821702401
40.9591369629
-94.2189331055
40.7255858783
-94.4526679353
40.4910354614
-94.6276160301
40.0229301453
-94.6876831055
39.9857715188
-95.1397620649
39.5548248291
-95.1564331055
39.5417813981
-95.6251831055
39.3458575233
-95.9617138125
39.0867195129
-96.0939331055
39.030334648
-96.5626831055
38.7707646081
-96.7567177229
38.6186180115
-97.0314331055
38.3270744181
-97.1851204525
38.1505126953
-97.4714737886
37.6824073792
-97.5001831055
37.6492425992
-97.9061179718
37.214302063
-97.9689331055
37.133284966
-98.4376831055
36.8642333777
-98.6150137867
36.7461967468
-98.9064331055
36.3152540396
-98.9617767533
36.2780952454
-99.0160850127
35.8099899292
-98.9064331055
35.7704389682
-98.8638697212
35.8099899292
-98.4376831055
36.0494254915
-98.1541095807
36.2780952454
-97.9689331055
36.4204300784
-97.5001831055
36.5488950271
-97.1766588596
36.7461967468
-97.0314331055
36.7916074193
-96.5626831055
36.8911654186
-96.0939331055
36.7669764431
-95.8563473857
36.7461967468
-95.6251831055
36.7323213913
-95.588277766
36.7461967468
-95.4537899337
37.214302063
-95.1564331055
37.6535668149
-95.1433599173
37.6824073792
-94.8008581284
38.1505126953
-94.6876831055
38.2266283845
-94.2189331055
38.5464916888
-94.1185845238
38.6186180115
-93.7501831055
38.8068637864
-93.4272843839
39.0867195129
-93.2814331055
39.255281533
-93.057551563
39.5548248291
-92.8126831055
39.9353389855
-92.6768113319
40.0229301453
-92.3439331055
40.4443990374
-92.2640964629
40.4910354614
-92.0240628481
40.9591369629
-91.8751831055
41.1049462285
-91.6286614632
41.4272422791
-91.4064331055
41.6325964047
-91.0439671181
41.8953475952
-90.9376907349
41.9359005885
-90.4689407349
42.0657360834
-90.0001907349
42.2556987359
-89.8175271163
42.3634529114
-89.5314407349
42.5463645687
-89.218331414
42.8315544128
-89.0626907349
43.2289772351
-89.0254158358
43.299659729
-88.8296627587
43.7677650452
-88.5939407349
44.0806697337
-88.4786787319
44.2358703613
-88.1251907349
44.5020165348
-87.9210348557
44.7039756775
-87.6564407349
44.8309957526
-87.2099214617
45.172077179
-87.1876907349
45.181218856
-86.7189407349
45.4257344295
-86.5071306027
45.6401824951
-86.2501907349
45.7692720592
-85.7814407349
45.9719735422
-85.5432841634
46.1082878113
-85.3126907349
46.1751113043
-84.8439407349
46.3454869877
-84.5094198666
46.5763931274
-84.3751907349
46.650499525
-83.9064407349
46.8107437016
-83.4376907349
47.0436572125
-83.4357314274
47.0444946289
-82.9689407349
47.2034769374
-82.5001907349
47.4053702823
-82.0314407349
47.4802633111
-81.8895622702
47.0444946289
-81.5626907349
46.5778246746
-81.5609861374
46.5763931274
-81.0939407349
46.3141009181
-80.6368829198
46.1082878113
-80.6251907349
46.0968706084
-80.1564483643
45.7929671344
-80.0883454431
45.6401824951
-80.1564483643
45.623927608
-80.6251907349
45.5369412287
-81.0939407349
45.5553651843
-81.5626907349
45.3858204674
-81.8643546235
45.172077179
-82.0314407349
45.1054246833
-82.5001907349
44.9952443166
-82.9689407349
44.966310492
-83.209010103
44.7039756775
-83.4376907349
44.5924408737
-83.8879490036
44.2358703613
-83.9064407349
44.0443352925
-83.9517599786
43.7677650452
-84.1379424902
43.299659729
-84.2187911372
42.8315544128
-84.3751907349
42.7610559715
-84.8439407349
42.6022822324
-85.3126907349
42.6011662085
-85.620606511
42.8315544128
-85.7814407349
42.9609067312
-86.2501907349
43.0230229632
-86.7189407349
42.9178347563
-86.9228857697
42.8315544128
-87.1304724147
42.3634529114
-87.1876907349
42.3000636342
-87.4673294017
41.8953475952
-87.4470112591
41.4272422791
-87.6564407349
41.2457486776
-87.9391201994
40.9591369629
-88.1251907349
40.757839425
-88.3439644834
40.4910354614
-88.5939407349
40.0796701836
-88.6327825428
40.0229301453
-89.0626907349
39.6355899989
-89.1392171632
39.5548248291
-89.5175247057
39.0867195129
-89.5314407349
39.0790611278
-90.0001907349
38.8641825102
-90.3994962874
38.6186180115
-90.4689407349
38.5831095578
-90.9376907349
38.4068411768
-91.3135049502
38.1505126953
-91.4064331055
38.0386097194
-91.8482119275
37.6824073792
-91.8751831055
37.6351482945
-92.2829334852
37.214302063
-92.3439331055
37.0996103482
-92.7439726452
36.7461967468
-92.3439331055
36.3990621241
-91.8751831055
36.5260902487
-91.4064331055
36.6264753959
-90.9376907349
36.7433360281
-90.9251598785
36.7461967468
-90.4689407349
36.8181285302
-90.0001907349
36.8958973078
-89.5314407349
36.8214073381
-89.0626907349
36.8502714607
-88.5939407349
36.9195388222
-88.3473526698
36.7461967468
-88.1251907349
36.5889277331
-87.9217963783
36.2780952454
-88.0412685131
35.8099899292
-87.6564407349
35.470126057
-87.4474894158
35.341884613
-87.5444460634
34.8737792969
-87.6564407349
34.7593787595
-88.0589732497
34.4056777954
-88.1251907349
34.3690769572
-88.5084024191
33.9375724792
-88.4811706579
33.4694671631
-88.3968142983
33.0013618469
-88.1945536967
32.5332603455
-88.1251907349
32.3774313
-87.9895352515
32.0651550293
-88.0014081682
31.5970497131
-88.1251907349
31.3402652011
-88.2309016198
31.128944397
-88.5143912891
30.6608409882
-88.5939407349
30.6503819827
-89.0626907349
30.614042062
-89.5314407349
30.5318073635
-90.0001907349
30.6119413605
-90.3790510723
30.6608409882
-90.4689407349
30.8643098438
-90.5696076932
30.6608409882
-90.9376907349
30.6066153742
-91.4064331055
30.4224581026
-91.7126713709
30.192735672
-91.4064331055
29.8645179804
-91.3241456639
29.7246322632
-90.9376907349
29.4430499599
-90.6904785611
29.256526947
-90.9376907349
28.8790975316
-91.0128130782
28.7884235382
-90.9420934052
28.320318222
-90.9376907349
28.3170238629
-90.4689407349
28.0607569995
-90.1596218442
27.8522148132
-90.1133055498
27.3841094971
-90.4689407349
27.061841976
-90.666266773
26.9160060883
-90.9376907349
26.6460685389
-91.1454421665
26.4479007721
-91.3371738367
25.9797954559
-91.4064331055
25.8920427859
-91.8072707957
25.5116920471
-91.6373613948
25.043586731
178
-83.4486799493
25.043586731
-83.4376907349
25.0582211858
-82.9689407349
25.32380339
-82.5001907349
25.3628045355
-82.0314407349
25.5102939663
-81.5626907349
25.4298406789
-81.4539752997
25.5116920471
-81.0939407349
25.9221468372
-81.0205644832
25.9797954559
-80.6251907349
26.3966365055
-80.5734076403
26.4479007721
-80.6251907349
26.8324778371
-80.6330100413
26.9160060883
-80.8003863465
27.3841094971
-80.9329922293
27.8522148132
-81.0939407349
28.1644130744
-81.129484906
28.320318222
-81.2628731997
28.7884235382
-81.5196123153
29.256526947
-81.5626907349
29.3462384392
-81.7120294685
29.7246322632
-81.8132478045
30.192735672
-82.0314407349
30.5575074482
-82.2245774007
30.6608409882
-82.1720296048
31.128944397
-82.0314407349
31.1983395999
-81.8874093332
31.128944397
-81.5626907349
30.76305598
-81.5542070504
30.6608409882
-81.4131183112
30.192735672
-81.0939407349
29.9443580512
-80.6251907349
29.7911843654
-80.1564483643
29.834402867
-79.6876983643
30.0854089586
-79.5716711214
30.192735672
-79.4258291968
30.6608409882
-79.4300133975
31.128944397
-79.2189483643
31.5399334284
-79.1768158313
31.5970497131
-79.0566136602
32.0651550293
-79.1255463366
32.5332603455
-79.2189483643
32.7461238382
-79.4983537624
33.0013618469
-79.6876983643
33.3588427376
-79.7347257506
33.4694671631
-80.1564483643
33.8626674677
-80.2205335857
33.9375724792
-80.4565322286
34.4056777954
-80.5690691947
34.8737792969
-80.6251907349
34.9580190821
-80.7532962885
34.8737792969
-81.0939407349
34.7818482857
-81.5626907349
34.6982944712
-82.0314407349
34.8366941914
-82.0514827784
34.8737792969
-82.1126552355
35.341884613
-82.5001907349
35.6270963119
-82.9689407349
35.7826381017
-83.4376907349
35.7777487243
-83.9064407349
35.6354473795
-84.3335373163
35.341884613
-84.3751907349
35.2389235394
-84.7484616576
34.8737792969
-84.8439407349
34.698672208
-84.8773008814
34.8737792969
-84.8439407349
35.0446106893
-84.5569773503
35.341884613
-84.5396137932
35.8099899292
-84.3751907349
36.0816392822
-84.2588265914
36.2780952454
-83.9064407349
36.5364017321
-83.6544616953
36.7461967468
-83.4376907349
36.9676264919
-82.9689407349
37.1767081233
-82.9041136262
37.214302063
-82.9689407349
37.4543102427
-83.4376907349
37.5217434043
-83.5384521192
37.6824073792
-83.9064407349
38.1410324615
-83.9140887928
38.1505126953
-83.9064407349
38.1872998875
-83.7573181133
38.6186180115
-83.5814719637
39.0867195129
-83.9064407349
39.2886852428
-84.3751907349
39.2852410144
-84.8439407349
39.0990175998
-84.8696034355
39.0867195129
-85.3126907349
38.909901321
-85.7814407349
38.8521718407
-86.2501907349
38.8728340062
-86.7189407349
38.9385947223
-87.0951458902
39.0867195129
-86.911047822
39.5548248291
-86.7189407349
39.7100987842
-86.4469160059
40.0229301453
-86.2501907349
40.0897726674
-85.7814407349
40.273505025
-85.439407543
40.4910354614
-85.3126907349
40.5568465923
-84.8439407349
40.7681510409
-84.4818316894
40.9591369629
-84.3751907349
41.0202928893
-83.9064407349
41.0027966147
-83.6235427952
40.9591369629
-83.4376907349
40.8952334557
-82.9689407349
40.6547772702
-82.7290727125
40.4910354614
-82.9689407349
40.1445847747
-83.0326409499
40.0229301453
-83.2409319073
39.5548248291
-82.9689407349
39.5238377154
-82.9375573481
39.5548248291
-82.5001907349
39.9953548285
-82.4773383528
40.0229301453
-82.3258044989
40.4910354614
-82.0314407349
40.8884979695
-82.0134855656
40.9591369629
-81.5626907349
41.2667957396
-81.3877335195
41.4272422791
-81.0939407349
41.5211366482
-80.6251907349
41.6804599099
-80.1564483643
41.8400298656
-80.0601698419
41.8953475952
-79.6876983643
42.033604277
-79.4332380623
42.3634529114
-79.6876983643
42.6679396518
-80.0511507508
42.8315544128
-79.8410836459
43.299659729
-79.6876983643
43.4552515889
-79.2189483643
43.5281335504
-78.7501983643
43.5114368083
-78.2814483643
43.6062421514
-78.0223702698
43.7677650452
-77.9786980424
44.2358703613
-77.8588951263
44.7039756775
-78.0401928372
45.172077179
-78.2814483643
45.4563210173
-78.5330533246
45.6401824951
-78.7501983643
45.7948724294
-79.2189483643
46.0067518369
-79.5424875387
46.1082878113
-79.2189483643
46.3509382724
-78.9158664583
46.5763931274
-78.7501983643
46.6047163965
-78.2814483643
46.6603389375
-77.8126983643
46.670154645
-77.3439483643
46.6669408881
-76.8751983643
46.6506770636
-76.4064483643
46.9538223567
-76.3127907336
47.0444946289
-75.9376983643
47.1900279862
-75.4689483643
47.3563280569
-75.0001983643
47.4931485369
-74.949688452
47.5125999451
-74.5314483643
47.6212278539
-74.0626983643
47.7580726389
-73.5939483643
47.9461739172
-73.5273618143
47.9807052612
-73.1251983643
48.0842815382
-72.6564483643
48.207501822
-72.1876983643
48.3393856213
-71.8524192814
48.4488105774
-71.7189483643
48.4817847463
-71.2501983643
48.565286883
-70.7814483643
48.6008859593
-70.3126983643
48.6530544298
-69.8439483643
48.7188823533
-69.3751983643
48.785757811
-68.9064559937
48.8902142433
-68.803172023
48.9169120789
-68.4377059937
49.0193844024
-67.9689559937
49.1528505795
-67.5002059937
49.3565731874
-67.4505547223
49.385017395
-67.0314559937
49.6072506143
-66.5627059937
49.8245062697
-66.4835394115
49.8531227112
-66.0939559937
49.9435708292
17
-82.8606718599
27.8522148132
-82.5763125158
27.3841094971
-82.5001907349
27.1560591945
-82.4588624081
26.9160060883
-82.4416562721
26.4479007721
-82.5001907349
26.0152101834
-82.5234554909
25.9797954559
-82.9689407349
25.7125052103
-83.1084977616
25.9797954559
-83.215139627
26.4479007721
-83.3547352524
26.9160060883
-83.4376907349
27.0075613933
-83.6356515393
27.3841094971
-83.8210951871
27.8522148132
-83.4376907349
27.9945272311
-82.9689407349
27.9473284946
-82.8606718599
27.8522148132
9
-89.3660981621
29.7246322632
-89.4473876337
29.256526947
-89.5314407349
29.0783021397
-90.0001907349
29.1809274722
-90.1003823613
29.256526947
-90.1255852072
29.7246322632
-90.0001907349
29.7984147073
-89.5314407349
29.9635728924
-89.3660981621
29.7246322632
5
-90.0001907349
31.6843889554
-90.1794352457
31.5970497131
-90.0001907349
31.1882636067
-89.7334155931
31.5970497131
-90.0001907349
31.6843889554
19
-67.9689559937
35.5075249998
-68.4377059937
35.6160877814
-68.9064559937
35.6519872425
-69.3751983643
35.6064814714
-69.8439483643
35.5739285865
-70.3126983643
35.5347390019
-70.7814483643
35.4457655402
-71.1160881893
35.341884613
-70.8123002183
34.8737792969
-70.7814483643
34.855510998
-70.3126983643
34.7641127629
-69.8439483643
34.7923942535
-69.4536529788
34.8737792969
-69.3751983643
34.891906372
-68.9064559937
35.0095622295
-68.4377059937
35.1253389477
-67.9689559937
35.2072510766
-67.5455356518
35.341884613
-67.9689559937
35.5075249998
7
-75.4689483643
35.6745047975
-75.9376983643
35.5498550284
-76.3004662212
35.341884613
-75.9376983643
34.9621277099
-75.4689483643
34.9777775709
-75.0902566686
35.341884613
-75.4689483643
35.6745047975
7
-76.8751983643
35.9893659359
-77.3439483643
36.1939185664
-77.4348780799
35.8099899292
-77.3439483643
35.7221026875
-76.8751983643
35.6209750342
-76.6760363413
35.8099899292
-76.8751983643
35.9893659359
9
-92.8126831055
36.6128197073
-93.2814331055
36.4363357948
-93.7501831055
36.3198783285
-93.8125271967
36.2780952454
-93.7501831055
36.1912583969
-93.2814331055
35.8938881645
-92.8126831055
36.1158436194
-92.5534803195
36.2780952454
-92.8126831055
36.6128197073
5
-86.2101243196
36.2780952454
-86.2501907349
36.2424987019
-86.7128921775
36.2780952454
-86.2501907349
36.5152460956
-86.2101243196
36.2780952454
17
-102.656425476
39.7542783962
-103.125175476
39.7947301866
-103.593925476
39.6659539789
-103.748294412
39.5548248291
-104.062675476
39.3572401005
-104.531425476
39.1165514791
-104.631153186
39.0867195129
-104.531425476
39.0452390626
-104.062675476
38.8401005388
-103.593925476
38.7535435336
-103.125175476
38.7760641551
-102.656425476
38.8318276843
-102.187675476
38.9437445008
-101.869118914
39.0867195129
-102.187675476
39.5364025682
-102.197361734
39.5548248291
-102.656425476
39.7542783962
109
-125.625160217
48.4600145297
-125.570952508
48.4488105774
-125.156410217
48.0259096083
-125.140713482
47.9807052612
-125.143361487
47.5125999451
-124.939146649
47.0444946289
-124.687660217
46.7753112965
-124.346057925
46.5763931274
-124.218910217
46.4612230021
-123.750167847
46.1107378953
-123.746201019
46.1082878113
-123.281417847
45.6562575259
-123.254016269
45.6401824951
-123.210134524
45.172077179
-123.236259001
44.7039756775
-122.812667847
44.523876131
-122.343917847
44.5649201541
-122.193416173
44.7039756775
-122.024530606
45.172077179
-121.875167847
45.4757130322
-121.834553658
45.6401824951
-121.406417847
46.0601166973
-121.362691559
46.1082878113
-120.937667847
46.5510117962
-120.918404122
46.5763931274
-120.805228015
47.0444946289
-120.803564219
47.5125999451
-120.468917847
47.7317206532
-120.304298352
47.9807052612
-120.032746784
48.4488105774
-120.000167847
48.581221137
-119.755783964
48.9169120789
-120.000167847
49.3563097774
-120.020641289
49.385017395
-120.468917847
49.5922949511
-120.937667847
49.7692829467
-121.056848954
49.8531227112
-121.406417847
50.1235436789
-121.651536339
50.3212280273
-121.875167847
50.5250220867
-122.343917847
50.7189670886
-122.580944796
50.7893333435
-122.812667847
50.9362502686
-123.281417847
51.1726542299
-123.483349762
51.257434845
-123.750167847
51.4763708528
-124.218910217
51.7253514793
-124.219203058
51.7255401611
-124.420225708
52.1936454773
-124.218910217
52.5321637162
-123.750167847
52.5308212365
-123.281417847
52.4225808538
-122.812667847
52.3157769842
-122.343917847
52.2078751057
-122.307473443
52.1936454773
-121.875167847
51.9287480125
-121.436868142
51.7255401611
-121.406417847
51.7061044854
-120.937667847
51.4083142669
-120.657880061
51.257434845
-120.468917847
51.1413380703
-120.000167847
50.9431453118
-119.584746676
50.7893333435
-119.531417847
50.7545932944
-119.062667847
50.3857622974
-118.992106298
50.3212280273
-118.654602638
49.8531227112
-118.593917847
49.7659441751
-118.125167847
49.424497742
-117.992412894
49.385017395
-117.656417847
49.1606387731
-117.187667847
48.9216958629
-117.170495304
48.9169120789
-116.88475063
48.4488105774
-117.187667847
48.1411457857
-117.377348049
47.9807052612
-117.202072493
47.5125999451
-117.187667847
47.5091217545
-116.718917847
47.3518473736
-116.327705445
47.0444946289
-116.250167847
46.9846598317
-115.781417847
46.8741774823
-115.312667847
47.0098206831
-115.293749807
47.0444946289
-114.909564534
47.5125999451
-114.843917847
47.5400554653
-114.375167847
47.9103592817
-114.308788983
47.9807052612
-114.375167847
48.1867733314
-114.427120363
48.4488105774
-114.843917847
48.7629480161
-115.162091757
48.9169120789
-115.312667847
49.0312538294
-115.62152198
49.385017395
-115.776615725
49.8531227112
-115.781417847
49.8586402914
-116.046954308
50.3212280273
-116.250167847
50.6441768806
-116.330371174
50.7893333435
-116.523711894
51.257434845
-116.683324461
51.7255401611
-116.718917847
51.7625200967
-117.124583595
52.1936454773
-117.187667847
52.2465300833
-117.656417847
52.4996963495
-118.125167847
52.6605783206
-118.127763925
52.6617507935
-118.593917847
52.9631190005
-118.857755718
53.1298522949
5
-116.718917847
45.6440239776
-116.737526327
45.6401824951
-116.718917847
45.6353542276
-116.699425001
45.6401824951
-116.718917847
45.6440239776
13
-114.375167847
46.780335346
-114.843917847
46.6550925051
-114.974084449
46.5763931274
-115.312667847
46.3884827994
-115.493018315
46.1082878113
-115.312667847
45.794502929
-114.843917847
45.8036787632
-114.375167847
45.8622983664
-113.906417847
46.0722067018
-113.839397625
46.1082878113
-113.906417847
46.4885537688
-113.952881193
46.5763931274
-114.375167847
46.780335346
9
-121.743112354
47.5125999451
-121.875167847
47.324736028
-122.27406376
47.0444946289
-122.343917847
47.0206361641
-122.391966829
47.0444946289
-122.486695682
47.5125999451
-122.343917847
47.7899518112
-121.875167847
47.6136247481
-121.743112354
47.5125999451
3
-124.725302219
53.1298522949
-125.156410217
52.9108637735
-125.625160217
53.0766340553
23
74
-84.011366805
25.043586731
-83.9064407349
25.0892237159
-83.5466837819
25.5116920471
-83.5070708797
25.9797954559
-83.5644104865
26.4479007721
-83.6412693624
26.9160060883
-83.9064407349
27.260516448
-84.223308898
27.3841094971
-84.3751907349
27.5192464349
-84.6420234509
27.3841094971
-84.8439407349
27.3414676986
-85.2291652652
27.3841094971
-85.3126907349
27.5312647151
-85.3397978762
27.8522148132
-85.3126907349
28.2405101169
-85.2944935668
28.320318222
-85.3126907349
28.3699442619
-85.384673542
28.7884235382
-85.3126907349
28.9897608502
-85.0329334453
29.256526947
-84.8439407349
29.4059628166
-84.3751907349
29.6921705941
-84.2559873736
29.7246322632
-84.3751907349
29.7511795714
-84.8439407349
29.9202400865
-85.3126907349
30.1772442191
-85.4777808807
30.192735672
-85.3126907349
30.2227764347
-84.8439407349
30.4160625071
-84.3751907349
30.5111250039
-83.9405364156
30.6608409882
-83.9064407349
30.7006061513
-83.6903133319
31.128944397
-83.7888650942
31.5970497131
-83.9064407349
31.8000740422
-84.2233250349
31.5970497131
-84.3751907349
31.5200925066
-84.8439407349
31.2212496168
-85.3126907349
31.468143548
-85.4738081119
31.5970497131
-85.7814407349
31.876571229
-86.1770170168
32.0651550293
-86.2501907349
32.1600740626
-86.3602081862
32.0651550293
-86.704837958
31.5970497131
-86.6107900148
31.128944397
-86.3238406546
30.6608409882
-86.7189407349
30.6245291637
-87.1876907349
30.5883343098
-87.6564407349
30.4940497717
-88.1251907349
30.3658001072
-88.5939407349
30.3461200067
-89.0626907349
30.3419821752
-89.3803451576
30.192735672
-89.1515337937
29.7246322632
-89.0626907349
29.3955927173
-89.0346866619
29.256526947
-89.0626907349
29.1079303717
-89.2255391174
28.7884235382
-89.5314407349
28.3829061612
-89.6443997115
28.320318222
-89.5314407349
28.2399462883
-89.3075502221
27.8522148132
-89.3092997214
27.3841094971
-89.5314407349
27.1611067149
-89.8948492546
26.9160060883
-90.0001907349
26.8297395855
-90.3104900027
26.4479007721
-90.4689407349
26.3190021779
-90.7480278066
25.9797954559
-90.9376907349
25.6690601002
-91.0699924862
25.5116920471
-90.9376907349
25.1972106115
-90.8738242354
25.043586731
3
-89.4297494689
25.043586731
-89.0626907349
25.4048329245
-88.6056482814
25.043586731
6
-87.5337196916
25.043586731
-87.1876907349
25.1683833006
-86.7189407349
25.1805949261
-86.2501907349
25.4110428652
-85.7814407349
25.4954383627
-85.574290189
25.043586731
5
-82.0314407349
26.607441493
-82.1077157557
26.4479007721
-82.0314407349
26.0679343744
-81.7634883679
26.4479007721
-82.0314407349
26.607441493
25
-82.5001907349
30.0163304978
-82.9689407349
29.9054119417
-83.0189252724
29.7246322632
-82.9689407349
29.6407805673
-82.8137839175
29.256526947
-82.9689407349
29.0926199995
-83.2659411891
28.7884235382
-82.9689407349
28.3981897301
-82.88251341
28.320318222
-82.5001907349
27.9823527185
-82.4155120322
27.8522148132
-82.199096183
27.3841094971
-82.0314407349
27.1291854096
-81.6119262692
26.9160060883
-81.5626907349
26.807179162
-81.4646989986
26.9160060883
-81.3266165641
27.3841094971
-81.3339287218
27.8522148132
-81.440717567
28.320318222
-81.5626907349
28.6269427599
-81.6236441879
28.7884235382
-81.8506024987
29.256526947
-82.0314407349
29.5516305345
-82.2403827498
29.7246322632
-82.5001907349
30.0163304978
5
-90.4689407349
28.8538925794
-90.5073920721
28.7884235382
-90.4689407349
28.727528083
-90.3603499731
28.7884235382
-90.4689407349
28.8538925794
9
-90.0001907349
30.3613931056
-90.4689407349
30.292996997
-90.9376907349
30.2863567474
-91.0993314756
30.192735672
-90.9376907349
29.8526874206
-90.4689407349
29.8905736891
-90.0001907349
30.0340900149
-89.662385636
30.192735672
-90.0001907349
30.3613931056
21
-80.1564483643
32.7103339281
-80.6251907349
32.5583804519
-80.6446674477
32.5332603455
-81.0120200317
32.0651550293
-81.0939407349
31.9749777742
-81.3401470069
31.5970497131
-81.3591893095
31.128944397
-81.3104307314
30.6608409882
-81.0939407349
30.3448282036
-80.9595847881
30.192735672
-80.6251907349
29.985755298
-80.1564483643
30.0733592835
-79.9773896193
30.192735672
-79.7871798053
30.6608409882
-79.8514553078
31.128944397
-79.6898960823
31.5970497131
-79.6876983643
31.6072813517
-79.5991095835
32.0651550293
-79.6876983643
32.3844450618
-79.7863470834
32.5332603455
-80.1564483643
32.7103339281
23
-85.7814407349
35.1820880506
-86.2501907349
35.0647929848
-86.4350415368
34.8737792969
-86.7189407349
34.6354663549
-86.9498398948
34.4056777954
-87.1876907349
34.2061916479
-87.5176702635
33.9375724792
-87.6564407349
33.626933795
-87.7146771276
33.4694671631
-87.6564407349
33.3346017939
-87.4887568705
33.0013618469
-87.1876907349
32.6626407141
-86.8353721636
32.5332603455
-86.7189407349
32.3986418385
-86.6013715049
32.5332603455
-86.2501907349
32.810743092
-86.1666458498
33.0013618469
-85.95211801
33.4694671631
-85.7814407349
33.8653273794
-85.750855169
33.9375724792
-85.7205251588
34.4056777954
-85.7088099717
34.8737792969
-85.7814407349
35.1820880506
27
-82.9689407349
35.3967526944
-83.4376907349
35.3702475899
-83.4869904333
35.341884613
-83.9011018875
34.8737792969
-83.9064407349
34.8384317555
-83.9775162095
34.4056777954
-84.0699241155
33.9375724792
-84.2318714436
33.4694671631
-83.9064407349
33.0539538194
-83.8785355807
33.0013618469
-83.6836741875
32.5332603455
-83.4376907349
32.2048411779
-82.9689407349
32.166289585
-82.5001907349
32.2975213776
-82.2713005052
32.5332603455
-82.0314407349
32.8895036774
-81.956414568
33.0013618469
-81.5626907349
33.3435805662
-81.368815573
33.4694671631
-81.5626907349
33.8229346499
-81.6454112097
33.9375724792
-82.0314407349
34.0390619628
-82.5001907349
34.3060976025
-82.6225685503
34.4056777954
-82.6817023378
34.8737792969
-82.8690219275
35.341884613
-82.9689407349
35.3967526944
33
-93.7501831055
40.2254376142
-94.0137999459
40.0229301453
-94.2189331055
39.9066169783
-94.6876831055
39.656718927
-94.7945737693
39.5548248291
-95.1564331055
39.2717058933
-95.4218837761
39.0867195129
-95.6251831055
38.9568690667
-96.0939331055
38.7284719911
-96.2634612594
38.6186180115
-96.5626831055
38.3553051476
-96.7589910084
38.1505126953
-97.0314331055
37.874534655
-97.1746845073
37.6824073792
-97.5001831055
37.306393926
-97.5861334711
37.214302063
-97.5001831055
37.0281036837
-97.0314331055
36.9621093435
-96.5626831055
37.2108958165
-96.5537351468
37.214302063
-96.0939331055
37.5861235406
-95.9810984263
37.6824073792
-95.6251831055
37.8900145185
-95.3648762689
38.1505126953
-95.1564331055
38.3129323169
-94.7360551568
38.6186180115
-94.6876831055
38.6565557078
-94.2189331055
38.8972530513
-93.930120436
39.0867195129
-93.7501831055
39.3904704494
-93.61453231
39.5548248291
-93.507350691
40.0229301453
-93.7501831055
40.2254376142
17
-89.0626907349
38.9015463217
-89.5314407349
38.7637688821
-89.9442719562
38.6186180115
-90.0001907349
38.5958758599
-90.4689407349
38.3653573909
-90.8838684369
38.1505126953
-90.9376907349
38.0094077492
-91.1655152603
37.6824073792
-90.9376907349
37.4051296343
-90.4689407349
37.3341099376
-90.0001907349
37.5308551987
-89.7550293395
37.6824073792
-89.5314407349
37.8248539305
-89.2225496075
38.1505126953
-89.0626907349
38.3353785098
-88.8171286387
38.6186180115
-89.0626907349
38.9015463217
5
-86.2501907349
37.6906057675
-86.2685644038
37.6824073792
-86.2501907349
37.6774429638
-86.2422621608
37.6824073792
-86.2501907349
37.6906057675
5
-103.593925476
39.107399576
-103.639187962
39.0867195129
-103.593925476
39.0754261653
-103.508034226
39.0867195129
-103.593925476
39.107399576
31
-84.3751907349
41.9631945048
-84.8439407349
41.9808796296
-85.2236503537
41.8953475952
-85.3126907349
41.8687681786
-85.7814407349
41.7884702846
-86.2501907349
41.7341208421
-86.7189407349
41.5991484819
-86.8243712671
41.4272422791
-87.1876907349
41.2278105856
-87.4787538828
40.9591369629
-87.6564407349
40.792868815
-87.9455914687
40.4910354614
-88.1251907349
40.1102381871
-88.1823247558
40.0229301453
-88.2940105325
39.5548248291
-88.1251907349
39.5208126286
-88.0802906539
39.5548248291
-87.6564407349
39.7469200268
-87.2336445104
40.0229301453
-87.1876907349
40.0401204535
-86.7189407349
40.2396348818
-86.2501907349
40.4551231852
-86.1814235454
40.4910354614
-85.7814407349
40.7271393122
-85.3365388037
40.9591369629
-85.3126907349
40.9825864447
-84.8439407349
41.2487019142
-84.5343704032
41.4272422791
-84.3751907349
41.7606171499
-84.3030438026
41.8953475952
-84.3751907349
41.9631945048
170
-66.0939559937
52.3160049023
-66.5627059937
52.4346283191
-67.0314559937
52.5333115649
-67.5002059937
52.6206425675
-67.7461767604
52.6617507935
-67.9689559937
52.7128398467
-68.4377059937
52.7714066183
-68.9064559937
52.7964828942
-69.3751983643
52.7640672234
-69.8439483643
52.7064425559
-70.0763085416
52.6617507935
-70.3126983643
52.6207692619
-70.7814483643
52.5579133402
-71.2501983643
52.523695912
-71.7189483643
52.5076057044
-72.1876983643
52.5116826597
-72.6564483643
52.5024468871
-73.1251983643
52.4736633232
-73.5939483643
52.3870221254
-74.0626983643
52.2736964583
-74.3241661687
52.1936454773
-74.5314483643
52.1423744215
-75.0001983643
52.0323172531
-75.4689483643
51.9142582697
-75.9376983643
51.7779556415
-76.0954061339
51.7255401611
-76.4064483643
51.6445697935
-76.8751983643
51.5379348649
-77.3439483643
51.4235318821
-77.8126983643
51.2695240124
-77.8386127309
51.257434845
-78.2814483643
51.1016903404
-78.7501983643
50.9299135485
-79.10256541
50.7893333435
-79.2189483643
50.7532954633
-79.6876983643
50.6296254379
-80.1564483643
50.5084306666
-80.6251907349
50.3471187719
-80.6869182525
50.3212280273
-81.0939407349
50.2165478748
-81.5626907349
50.0741966443
-82.0314407349
49.8828244319
-82.0951985221
49.8531227112
-82.5001907349
49.7255693884
-82.9689407349
49.5510514833
-83.3359170593
49.385017395
-83.4376907349
49.3195297368
-83.9064407349
48.9968469341
-84.0038320484
48.9169120789
-84.2342528353
48.4488105774
-84.3751907349
48.3541946538
-84.8439407349
48.1747411897
-85.2496709496
47.9807052612
-85.3126907349
47.9597495468
-85.7814407349
47.733006555
-86.0815868568
47.5125999451
-86.2501907349
47.4090112467
-86.7189407349
47.0875371924
-86.7774176906
47.0444946289
-87.1876907349
46.8033048391
-87.5515598079
46.5763931274
-87.6564407349
46.5125825136
-88.1251907349
46.1786569831
-88.2220364991
46.1082878113
-88.5939407349
45.8027237796
-88.7973011266
45.6401824951
-89.0626907349
45.4554866741
-89.4789900975
45.172077179
-89.5314407349
45.1377257744
-90.0001907349
44.8337756892
-90.1817461608
44.7039756775
-90.4689407349
44.4946820922
-90.7988018318
44.2358703613
-90.9376907349
44.1184681121
-91.3210876761
43.7677650452
-91.4064331055
43.6702211819
-91.7198441432
43.299659729
-91.8751831055
43.0667032423
-92.029927682
42.8315544128
-92.3439331055
42.3996863021
-92.3686072159
42.3634529114
-92.4016684397
41.8953475952
-92.3439331055
41.8661713573
-92.3121320921
41.8953475952
-91.8751831055
42.1844605962
-91.5342580661
42.3634529114
-91.4064331055
42.4148645795
-90.9376907349
42.5769612431
-90.4689407349
42.8219555294
-90.4568256713
42.8315544128
-90.0520163694
43.299659729
-90.0001907349
43.3443363692
-89.5771376279
43.7677650452
-89.5314407349
43.8159024594
-89.0626907349
44.2030889062
-89.0318650189
44.2358703613
-88.5939407349
44.6235714549
-88.5071586662
44.7039756775
-88.1251907349
44.9934190767
-87.8844445541
45.172077179
-87.6564407349
45.3241714815
-87.1876907349
45.5489748234
-87.066170681
45.6401824951
-86.7189407349
45.8225768551
-86.2786954201
46.1082878113
-86.2501907349
46.1262932292
-85.7814407349
46.3072865455
-85.3126907349
46.5179956392
-85.2166826645
46.5763931274
-84.8439407349
46.7972091576
-84.5028948819
47.0444946289
-84.3751907349
47.1677068343
-83.9064407349
47.463984897
-83.8255271956
47.5125999451
-83.4376907349
47.8240827362
-83.0565801656
47.9807052612
-82.9689407349
48.0016222546
-82.5001907349
48.0767615638
-82.0314407349
48.1274623397
-81.5626907349
48.1924868168
-81.0939407349
48.2961229617
-80.6996941095
48.4488105774
-80.6251907349
48.4680845276
-80.1564483643
48.5490139954
-79.6876983643
48.6131310869
-79.2189483643
48.6667803377
-78.7501983643
48.7069915484
-78.2814483643
48.7671196092
-77.8126983643
48.8695041114
-77.6281213378
48.9169120789
-77.3439483643
48.9739848558
-76.8751983643
49.0367272885
-76.4064483643
49.0563526172
-75.9376983643
49.1959037427
-75.673381092
49.385017395
-75.4689483643
49.4525555476
-75.0001983643
49.6412041109
-74.6655517282
49.8531227112
-74.5314483643
49.900567805
-74.0626983643
50.0043678055
-73.5939483643
49.9877814833
-73.2366733551
49.8531227112
-73.4217503443
49.385017395
-73.5939483643
49.1844694782
-73.8329357394
48.9169120789
-73.5939483643
48.5254219775
-73.1251983643
48.5721812086
-72.6564483643
48.7021924476
-72.1876983643
48.8160784875
-71.8210110558
48.9169120789
-71.7189483643
48.978234643
-71.2501983643
49.2672238132
-71.0886710426
49.385017395
-71.2501983643
49.6804697539
-71.34442864
49.8531227112
-71.2501983643
50.0930331406
-71.1764364853
50.3212280273
-70.7814483643
50.5397925943
-70.3126983643
50.729324748
-70.1369171143
50.7893333435
-69.8439483643
50.8714219572
-69.3751983643
50.9554069655
-68.9064559937
50.9259333935
-68.4377059937
50.8492604158
-68.1638717914
50.7893333435
-67.9689559937
50.6669681302
-67.5002059937
50.4699840585
-67.0314559937
50.4853007632
-66.5627059937
50.5266338315
-66.0939559937
50.5825271089
17
-80.1564483643
42.5357453494
-80.6251907349
42.719767476
-81.0939407349
42.7704533232
-81.5626907349
42.767414811
-81.771040924
42.3634529114
-82.0314407349
42.1891891755
-82.5001907349
42.0295774466
-82.6931695321
41.8953475952
-82.5001907349
41.739968088
-82.0314407349
41.6303641653
-81.5626907349
41.6178830969
-81.1175675301
41.8953475952
-81.0939407349
41.9340736106
-80.6251907349
42.0784542823
-80.1564483643
42.1940215371
-79.9094930019
42.3634529114
-80.1564483643
42.5357453494
17
-82.0314407349
44.2459963306
-82.5001907349
44.3356330586
-82.9689407349
44.3133228716
-83.1681449657
44.2358703613
-83.3059109299
43.7677650452
-83.2532567879
43.299659729
-82.9689407349
43.0866356066
-82.5001907349
42.8657695897
-82.0314407349
42.8508756327
-81.5626907349
42.855419456
-81.0939407349
42.9433086852
-80.7284746834
43.299659729
-81.0939407349
43.7096645389
-81.1371457693
43.7677650452
-81.5626907349
44.0532895278
-82.0127637907
44.2358703613
-82.0314407349
44.2459963306
7
-79.6876983643
44.81950715
-80.1564483643
44.8651628899
-80.4972319745
44.7039756775
-80.1564483643
44.5072749876
-79.6876983643
44.5561797071
-79.3923424746
44.7039756775
-79.6876983643
44.81950715
5
-121.875167847
46.5862278405
-121.894231436
46.5763931274
-121.875167847
46.5462242314
-121.841196542
46.5763931274
-121.875167847
46.5862278405
13
-123.281417847
48.1914534137
-123.750167847
48.3608363413
-124.218910217
48.3205343132
-124.589396152
47.9807052612
-124.674491495
47.5125999451
-124.266214454
47.0444946289
-124.218910217
47.0093071769
-123.750167847
46.8001494857
-123.365672229
47.0444946289
-123.281417847
47.1241212778
-123.035549589
47.5125999451
-123.023663143
47.9807052612
-123.281417847
48.1914534137
38
-125.625160217
48.7872996931
-125.156410217
48.7838503129
-124.715032457
48.9169120789
-124.687660217
48.9302478048
-124.218910217
49.2511713432
-123.750167847
49.1920265897
-123.281417847
49.037611156
-122.812667847
48.9507683776
-122.643400391
48.9169120789
-122.343917847
48.7409167924
-122.004742407
48.4488105774
-121.875167847
48.3169069171
-121.643998653
47.9807052612
-121.406417847
47.7677353897
-120.937667847
47.8411853362
-120.760906865
47.9807052612
-120.468917847
48.228035846
-120.316251937
48.4488105774
-120.288030203
48.9169120789
-120.468917847
49.1195788674
-120.887237231
49.385017395
-120.937667847
49.4102611174
-121.406417847
49.7564686941
-121.492420623
49.8531227112
-121.875167847
50.1905208461
-122.095079507
50.3212280273
-122.343917847
50.472632703
-122.812667847
50.6553324169
-123.126694456
50.7893333435
-123.281417847
50.8897843023
-123.750167847
51.1096828008
-124.029625562
51.257434845
-124.218910217
51.3932816302
-124.687660217
51.7020561348
-124.715629004
51.7255401611
-125.156410217
52.1735553343
-125.183749408
52.1936454773
-125.625160217
52.5721664506
35
-123.563986435
53.1298522949
-123.281417847
52.989163921
-122.812667847
52.7907858711
-122.542122459
52.6617507935
-122.343917847
52.5916930766
-121.875167847
52.4071292238
-121.406417847
52.2177531828
-121.353034857
52.1936454773
-120.937667847
51.9413794648
-120.625240753
51.7255401611
-120.468917847
51.6316563204
-120.000167847
51.3825980018
-119.747478456
51.257434845
-119.531417847
51.1609634887
-119.062667847
50.9076700969
-118.868951009
50.7893333435
-118.593917847
50.5363226584
-118.325144143
50.3212280273
-118.125167847
50.1558030865
-117.656417847
49.9390495539
-117.291680364
49.8531227112
-117.187667847
49.8234017598
-117.033473831
49.8531227112
-116.790791905
50.3212280273
-116.943311525
50.7893333435
-117.046884035
51.257434845
-117.158098105
51.7255401611
-117.187667847
51.7564932696
-117.656417847
52.1676222171
-117.694056901
52.1936454773
-118.125167847
52.4026367526
-118.593917847
52.6073375438
-118.706892777
52.6617507935
-119.062667847
52.8823746309
-119.409263787
53.1298522949
4
9
-84.3751907349
26.7173199759
-84.8439407349
26.4554415899
-84.8513646512
26.4479007721
-84.843985262
25.9797954559
-84.8439407349
25.9797056793
-84.3751907349
25.6898269104
-84.1912971701
25.9797954559
-84.2449546472
26.4479007721
-84.3751907349
26.7173199759
27
-86.7189407349
29.4976218622
-87.1876907349
29.6060169131
-87.6564407349
29.6258550894
-88.1251907349
29.5391586964
-88.5064892752
29.256526947
-88.5939407349
29.0306990655
-88.6367409577
28.7884235382
-88.6985896333
28.320318222
-88.5939407349
28.0723512706
-88.5177185332
27.8522148132
-88.2521194778
27.3841094971
-88.1251907349
27.0214823589
-88.0780962564
26.9160060883
-87.7959122815
26.4479007721
-87.6564407349
26.3690806847
-87.1876907349
26.392498097
-87.1105357236
26.4479007721
-86.7189407349
26.5457569125
-86.2501907349
26.8472801085
-86.1917553594
26.9160060883
-86.1012112521
27.3841094971
-86.1610875372
27.8522148132
-86.2501907349
28.0561664735
-86.352299338
28.320318222
-86.3373418764
28.7884235382
-86.4204587817
29.256526947
-86.7189407349
29.4976218622
7
-122.812667847
50.0716445232
-123.281417847
50.1653004539
-123.556928787
49.8531227112
-123.281417847
49.7152468953
-122.812667847
49.5300886769
-122.348549656
49.8531227112
-122.812667847
50.0716445232
3
-125.625160217
51.0629477756
-125.317346544
51.257434845
-125.625160217
51.5650072267
