296
0.795476
0.394488
0.0116409
0.472549
0.367966
0.471464
0.981511
0.627135
0.00217322
0.484256
0.363807
0.47147
0.985375
0.697229
0.14349
0.92373
0.42329
0.286347
0.0400849
0.398662
0.255408
0.885462
0.398277
0.471464
0.926307
0.424429
0.471464
0.405979
0.358494
1
0.984504
0.615384
0.48566
0.97954
0.672217
0.939297
0.976358
0.545674
0.471464
0.979276
0.617278
0.949406
0.999393
0.40624
0.471464
0.990642
0.666149
0.720421
0.469025
0.372895
0.949828
0.106013
0.521801
0.228542
0.405979
0.379333
0.471464
0.999243
0.455111
0.448725
0.985185
0.585457
0.471418
0.986323
0.588106
0.47147
0.892283
0.402821
0.471464
0.996439
0.392224
0.471464
0.973441
0.502472
0.661715
0.189518
0.624101
0.471464
0.426894
0.298627
0.47147
0.928807
0.42329
0.47147
0.418254
0.322884
0.471419
0.973593
0.585072
0.167537
0.535066
0.346372
0.47147
0.88531
0.400557
0.433801
0.996402
0.447918
0.473811
0.461562
0.373279
0.471464
0.166065
0.595299
0.471464
0.977154
0.616523
0.904003
0.645058
0.350916
0.471469
0.769522
0.390329
0.471464
0.999848
0.391839
0.364231
0.00799403
0.338795
0.11236
0.98799
0.578634
0.191842
0.60338
0.351301
0.369316
0.992574
0.548323
0.471464
0.984732
0.315677
0.471418
0.224225
0.664254
0.471464
0.982571
0.616523
0.475686
0.859243
0.398277
0.471464
0.99068
0.427449
0.471469
0.94582
0.450952
0.471464
0.992309
0.523695
0.471419
0.995719
0.403206
0.471464
0.995832
0.444884
0.373893
0.918539
0.414188
0.562764
0.408253
0.358494
0.953326
0.411851
0.340304
0.41364
0.413481
0.347127
0.471464
0.253704
0.453216
0.731746
0.414656
0.336145
0.471464
0.829576
0.397907
0.895763
0.896412
0.40661
0.412502
0.991967
0.691161
0.471469
0.993786
0.448672
0.858449
0.181979
0.614629
0.525645
0.977494
0.586582
0.471464
0.996211
0.69344
0.161716
0.0185652
0.359249
0.193015
0.901413
0.408889
0.543697
0.537795
0.348267
0.477944
0.494524
0.359249
0.471464
0.985564
0.649868
0.471464
0.543363
0.348652
0.72302
0.981019
0.640011
0.635128
0.974765
0.640766
0.145136
0.468799
0.371
0.0807322
0.413481
0.412293
0.431851
0.997425
0.421395
0.474807
0.696093
0.366072
0.471464
0.601068
0.345233
0.47147
0.198917
0.636222
0.471464
0.449436
0.385016
0.471464
0.409653
0.352811
0.738908
0.99894
0.471406
0.954752
0.822339
0.394488
0.403246
0.749327
0.384646
0.105509
0.920169
0.422905
0.685065
0.941727
0.447163
0.471464
0.524609
0.352056
0.471464
0.225021
0.66199
0.938091
0.395863
0.418746
0.469465
0.748494
0.386541
0.0469442
0.917895
0.422535
0.391206
0.906565
0.409644
0.471464
0.39859
0.414572
0.039171
0.76024
0.386156
0.471464
0.987194
0.679795
0.471419
0.981738
0.661605
0.479999
0.938697
0.436921
0.47147
0.998977
0.445268
0.471464
0.999469
0.428218
0.911205
0.977457
0.532028
0.471464
0.559314
0.345988
0.058007
0.988824
0.600983
0.544842
0.96249
0.475579
0.390188
0.986815
0.615768
0.471469
0.227219
0.45776
0.471469
0.975183
0.587352
0.229363
0.992461
0.360018
0.110155
0.401696
0.411538
0.471464
0.91278
0.417606
0.801231
0.398705
0.409644
0.471464
0.452696
0.379718
0.471464
0.977457
0.629784
0.471471
0.975335
0.616138
0.950947
0.645132
0.353565
0.471464
0.984465
0.674866
0.0901935
0.993408
0.377068
0.131278
0.976319
0.568777
0.471464
0.995832
0.471791
0.174837
0.984352
0.358124
0.326787
0.984238
0.602507
0.0606877
0.988974
0.674866
0.541447
0.917819
0.417222
0.517515
0.627666
0.350161
0.47147
0.749478
0.382752
0.471464
0.989656
0.360773
0.471464
0.961127
0.477089
0.788173
0.456067
0.373279
0.471464
0.922518
0.419871
0.47147
0.771531
0.394118
0.38974
0.990452
0.62826
0.471464
0.73887
0.379333
0.471464
0.841701
0.396768
0.422913
0.97651
0.605526
0.755249
0.979161
0.564618
0.656485
0.551736
0.353565
0.696207
0.797257
0.399417
0.168617
0.548138
0.345988
0.647963
0.399765
0.421765
0.471418
0.984201
0.335006
0.429581
0.98924
0.547568
0.471464
0.993597
0.489965
0.911158
0.461637
0.371
0.471464
0.984352
0.64229
0.196565
0.979881
0.309238
0.471464
0.401735
0.42215
0.471418
0.984807
0.622961
0.403488
0.760619
0.383877
0.833037
0.976586
0.514223
0.669015
0.99299
0.385771
0.22887
0.723184
0.374789
0.471464
0.995151
0.374404
0.471464
0.972569
0.513468
0.428766
0.900162
0.405855
0.471464
0.159207
0.587352
0.500676
0.408669
0.368351
0.363362
0.996515
0.498313
0.471464
0.992689
0.529749
0.38086
0.982571
0.649868
0.49109
0.981131
0.630924
0.308266
0.982419
0.646834
0.776728
0.995379
0.45776
0.912396
0.403441
0.356984
0.0702095
0.603038
0.347512
0.471464
0.994052
0.522171
0.471464
0.571515
0.345988
0.770137
0.933846
0.432007
0.462067
0.906491
0.412293
0.321049
0.999621
0.398662
0.766145
0.423482
0.316816
0.471464
0.58345
0.348267
0.471464
0.994013
0.511574
0.471464
0.900011
0.410399
0.795006
0.991891
0.683199
0.471464
0.402038
0.395243
0.684262
0.991135
0.618033
0.838022
0.16921
0.595684
0.648669
0.938658
0.4392
0.471464
0.97325
0.521416
0.471464
1
0.492245
0.661336
0.989316
0.648729
0.471464
0.042094
0.402821
0.471464
0.993369
0.473685
0.128409
0.778957
0.390329
0.471464
0.979577
0.648344
0.343583
0.436555
0.386541
0.603515
0.990528
0.458529
0.137929
0.992346
0.466477
0.471464
0.952108
0.467232
0.471469
0.974273
0.556271
0.471418
0.403289
0.391084
0.0733918
0
0.604772
0.471418
0.982382
0.560445
0.47147
0.979768
0.537711
0.471464
0.977911
0.612349
0.471464
0.980563
0.643415
0.471464
0.992953
0.425554
0.47029
0.977798
0.317201
0.471464
0.994128
0.358879
0.483333
0.981587
0.536202
0.471464
0.947562
0.433902
0.471464
0.116053
0.528239
0.471418
0.810291
0.392979
0.471469
0.98026
0.318341
0.471464
0.976395
0.593035
0.318866
0.525934
0.344093
0.471464
0.199218
0.630924
0.891306
0.973593
0.614629
0.471464
0.991438
0.497173
0.512482
0.520251
0.35546
0.519106
0.970977
0.557411
0.137183
0.97992
0.553622
0.471464
0.988672
0.35509
0.471464
0.578601
0.352056
0.790171
0.992839
0.364562
0.44412
0.405524
0.418746
0.80904
0.995491
0.346757
0.471464
0.982989
0.315677
0.190513
0.553252
0.349022
0.432995
0.99193
0.351671
0.793428
0.985412
0.306589
0.471464
0.986778
0.603632
0.945239
0.924526
0.418361
0.244699
0.957186
0.479738
0.471464
0.990112
0.671462
0.471464
0.986208
0.360773
0.471464
0.797219
0.392224
0.027808
0.978101
0.580899
0.768375
0.490509
0.363038
0.471464
0.9853
0.564233
0.471464
0.955556
0.447163
0.471464
0.98295
0.337655
0.471419
0.447202
0.377823
0.471464
0.993181
0.462318
0.461058
0.995303
0.425939
0.471464
0.910469
0.417976
0.546384
0.990604
0.485806
0.957379
0.0936991
0.493754
0.471464
0.576971
0.348267
0.0118885
0.122341
0.538096
0.471464
0.987953
0.301661
0.471469
0.97723
0.641521
0.471418
0.993825
0.436551
0.930654
0.986019
0.701018
0.47147
0.180993
0.61121
0.519481
0.417875
0.313412
0.471464
0.99356
0.658956
0.471418
0.989277
0.622576
0.471464
0.991666
0.699124
0.561116
0.992801
0.409274
0.497264
0.823552
0.397522
0.471464
0.41564
0.342968
0.471464
0.893571
0.408889
0.471464
0.743947
0.38805
0.891915
0.765884
0.38919
0.346676
0.900314
0.403206
0.486481
0.987231
0.683583
0.0996836
0.969424
0.554761
0.116669
0.986323
0.35546
0.471464
0.982154
0.701388
0.47147
0.937938
0.428588
0.720041
0.444928
0.375929
0.783311
0.988557
0.699494
0.471419
0.978706
0.655167
0
0.962035
0.492629
0.471418
0.99193
0.344863
0.830948
0.98564
0.671462
0.471419
0.84655
0.398662
0.0564678
0.423482
0.360773
0.447733
0.986587
0.636607
0.288894
0.992119
0.416082
0.413379
0.127229
0.545674
0.324383
0.858523
0.395628
0.280255
0.932559
0.424799
0.702699
0.984201
0.518012
0.78861
0.832721
0.394488
0.685541
0.916607
0.419871
0.103943
0.988065
0.631679
0.173812
0.971395
0.539991
0.102249
0.993408
0.503611
0.00393837
0.981019
0.684723
0.471464
0.97848
0.306589
0.471464
0.994772
0.351671
0.927721
0.458265
0.345618
0.566145
0.783806
0.396768
0.47147
0.71049
0.373649
0.211251
0.926875
0.427079
0.789261
0.989808
0.394873
0.366691
0.982761
0.671832
0.838698
0.867655
0.403961
0.304043
0.989088
0.614244
0.471464
0.444208
0.374034
0.47147
0.212783
0.650623
0.471464
0.984807
0.659341
0.00110492
0.999508
0.374404
0.170158
0.458228
0.370615
0.278006
0.987118
0.528624
0.463418
